1.328557253408281513e-02 2.742929660823862914e-01
5.079869196478789713e-03 3.770257510570427240e-01
2.813506892416214183e-02 2.236506055832115092e-01
1.745133767178591935e-02 1.590272343276187550e-01
1.711214265178044938e-02 3.068157635378255810e-01
2.447279918744083363e-02 3.269408689424652126e-01
2.184703142935490172e-02 3.883338998514093143e-01
1.446293176959815782e-02 1.320154022571561059e-01
2.155733794547316437e-02 2.841008011963128688e-01
3.291514468904351703e-02 1.453900371209719822e-01
9.825064329480629952e-03 1.937568579920476708e-01
1.019936762257002069e-02 3.486795410312811816e-01
3.519788722645676715e-02 2.004210456518658590e-01
2.269497945903231270e-02 3.166654582967363130e-01
2.027443982652061064e-02 2.264399512044582841e-01
2.076323962599511269e-02 3.850626235192765590e-01
8.402830199201910197e-03 1.197549788908456314e-01
1.524624654048892594e-02 2.563154021979611730e-01
1.595104111146336892e-02 3.587256031516629085e-01
6.090808721811280524e-03 3.208991552855496865e-01
2.476010927042349846e-02 3.923956900732518127e-01
8.623346096928496962e-03 1.273144483608276145e-01
1.388971038335585356e-02 2.140901843868520116e-01
3.064375255583216828e-02 1.707541255253362533e-01
3.034660153894257542e-02 1.812330376527488962e-01
1.143352486562555954e-02 1.638702141897449283e-01
2.856854778876693687e-02 1.019915606833013133e-01
2.347883280070705778e-02 1.677765611121987410e-01
3.574723056785389375e-02 2.475209993568369959e-01
1.665133878527471495e-02 3.357968314317685277e-01
3.329001605636909555e-02 1.243726019803418625e-01
3.942632763288669157e-02 1.330101915400553891e-01
2.561461573864079119e-02 3.542654549226031957e-01
6.720720773042928621e-03 1.067657746727209284e-01
3.189414864169003855e-02 2.713550213981950066e-01
9.027982165711385953e-03 1.884214922119944735e-01
2.738511789892315168e-02 2.631578390928051014e-01
5.970334823816726526e-03 3.003594877319589740e-01
1.203663850087653350e-02 3.823359599530090636e-01
3.649815718548578974e-02 2.775030881212416922e-01
1.623419540599315564e-02 2.544641570257226149e-01
3.487033916368201952e-02 2.896966429481996896e-01
7.560096008836602113e-03 2.336226507410719966e-01
7.249291718806052595e-03 2.032778217048086811e-01
2.570525431799151189e-02 1.532786748771425844e-01
3.728497073680700491e-02 3.315629886708450491e-01
3.412103867359925907e-02 2.925768765430241114e-01
1.975975199216470704e-02 3.507474527460933134e-01
2.648373964253981569e-02 2.297342634515594506e-01
5.430582050730410962e-03 2.441241861312234140e-01
1.935872365354280103e-02 2.213057962242728771e-01
3.143699132594033469e-02 2.654934240199408046e-01
1.262301367661517251e-02 2.087008057316173670e-01
2.523279594030563081e-02 3.412251173021408901e-01
2.893760899018105182e-02 1.226744685915934774e-01
3.829740727151720314e-02 1.133695534415747053e-01
1.567754460117640192e-02 2.127456230929898329e-01
3.122822118581478415e-02 2.189135516202193321e-01
1.056751462463205102e-02 2.693030845009718455e-01
2.052582442895484541e-02 3.376966532121455922e-01
3.767861266027955347e-02 1.054388177344736111e-01
3.798741461722730806e-02 3.803534217987076804e-01
2.631424037423296669e-02 2.619255189124363170e-01
2.799543883266583308e-02 2.059299549122052542e-01
3.442352407734455139e-02 1.151005083979593502e-01
3.868240816873286941e-02 3.751202524428793872e-01
2.963227580615446222e-02 1.803067116173895368e-01
3.238725836992191465e-02 3.455023989115614258e-01
1.768523536506656432e-02 1.723942330032085801e-01
1.426817277624474120e-02 3.248030954852245689e-01
3.214288779273897362e-02 3.074865141658605916e-01
3.678708657129947657e-02 1.778843228162116374e-01
1.839355724893228586e-02 3.623108778292798426e-01
1.933527878074276993e-02 3.700453442078250887e-01
3.595073366438070184e-02 1.432445299811120620e-01
3.377353267534674575e-02 2.382920959879410994e-01
1.827873724228460880e-02 1.859544603718335798e-01
1.892996784792606163e-02 2.366045454050351438e-01
2.946798622031203407e-02 3.157957426772808884e-01
1.294468869840440309e-02 2.502869642266845052e-01
6.758560307739376778e-03 1.367088399046498259e-01
1.199974068046380862e-02 3.647943533372913771e-01
3.719230262150524657e-02 1.114943029532348279e-01
1.129632009710041657e-02 2.885526190036982186e-01
2.400937306619364484e-02 1.608939493739759419e-01
1.502012290768234976e-02 1.908064275273989308e-01
2.990344352810138037e-02 3.996089274566754224e-01
3.926940743934338729e-02 2.428842356304583283e-01
3.985864072685708914e-02 1.411707873404189073e-01
9.286041134919443760e-03 3.690346413983428553e-01
3.341994949082887495e-02 2.802660749371790883e-01
1.077039784736057507e-02 1.497117339109580447e-01
2.316794181923996152e-02 3.961789680885851039e-01
2.218967326490895245e-02 1.982621669761793770e-01
2.683258371459519565e-02 3.025149778124716082e-01
2.771696961242302651e-02 3.103018944058213990e-01
2.142628020863966004e-02 3.289578930236002896e-01
2.355980065100546708e-02 3.558718786275377743e-01
8.035931947839568615e-03 2.977796795008960107e-01
1.354709203353343314e-02 1.547994489452407252e-01
